BoneCount: 45
RootBone: 0
BoneName: -180224456
BoneIndex: 0
ParentIndex: -1
ChildCount: 2
1
44
1.000000 0.000000 -0.000000 0.000000
0.000000 1.000000 -0.000000 0.000000
-0.000000 -0.000000 1.000000 -0.000000
0.000000 0.000000 -0.000000 1.000000
1.000000 0.000000 0.000000 0.000000
0.000000 1.000000 0.000000 0.000000
0.000000 0.000000 1.000000 0.000000
0.000000 0.000000 0.000000 1.000000
BoneName: -180224136
BoneIndex: 1
ParentIndex: 0
ChildCount: 3
2
34
39
1.000000 0.000000 -0.000000 0.000000
0.000000 1.000000 -0.000000 0.000000
-0.000000 -0.000000 1.000000 -0.000000
0.000000 1.000291 0.009538 1.000000
1.000000 -0.000002 0.000000 0.000000
0.000002 1.000000 0.000000 0.000000
-0.000000 -0.000000 1.000000 -0.000000
-0.000002 -1.000291 -0.009538 1.000000
BoneName: -180222216
BoneIndex: 2
ParentIndex: 1
ChildCount: 1
3
1.000000 -0.000002 0.000000 0.000000
0.000002 0.999989 -0.004597 0.000000
-0.000000 0.004597 0.999989 -0.000000
0.000000 0.146525 -0.004325 1.000000
1.000000 0.000000 -0.000000 0.000000
-0.000000 0.999989 0.004597 0.000000
0.000000 -0.004597 0.999989 -0.000000
-0.000000 -1.146779 -0.010485 1.000000
BoneName: -180113120
BoneIndex: 3
ParentIndex: 2
ChildCount: 1
4
1.000000 0.000000 -0.000000 0.000000
0.000000 0.999677 -0.025407 0.000000
-0.000000 0.025407 0.999677 -0.000000
-0.000000 0.103726 0.000000 1.000000
1.000000 0.000000 -0.000000 0.000000
-0.000000 0.999550 0.030003 0.000000
0.000000 -0.030003 0.999550 -0.000000
-0.000000 -1.249835 -0.042254 1.000000
BoneName: -180115808
BoneIndex: 4
ParentIndex: 3
ChildCount: 3
5
10
22
1.000000 0.000000 -0.000000 0.000000
0.000000 0.999550 0.030003 0.000000
-0.000000 -0.030003 0.999550 -0.000000
-0.000000 0.100895 -0.000000 1.000000
1.000000 0.000000 -0.000000 0.000000
-0.000000 1.000000 -0.000000 0.000000
0.000000 0.000000 1.000000 -0.000000
-0.000000 -1.351390 -0.001709 1.000000
BoneName: -180223176
BoneIndex: 5
ParentIndex: 4
ChildCount: 1
6
1.000000 0.000000 -0.000000 0.000000
0.000000 1.000000 -0.000000 0.000000
-0.000000 -0.000000 1.000000 -0.000000
-0.000000 0.316850 -0.002464 1.000000
1.000000 0.000000 -0.000000 0.000000
-0.000000 1.000000 -0.000000 0.000000
0.000000 0.000000 1.000000 -0.000000
-0.000000 -1.668240 0.000755 1.000000
BoneName: -180223496
BoneIndex: 6
ParentIndex: 5
ChildCount: 3
7
8
9
1.000000 0.000000 -0.000000 0.000000
0.000000 1.000000 -0.000000 0.000000
-0.000000 -0.000000 1.000000 -0.000000
-0.000000 0.114089 -0.019209 1.000000
1.000000 0.000000 -0.000000 0.000000
-0.000000 1.000000 -0.000000 0.000000
0.000000 0.000000 1.000000 -0.000000
-0.000000 -1.782329 0.019964 1.000000
BoneName: -180115616
BoneIndex: 7
ParentIndex: 6
ChildCount: 0
1.000000 0.000000 -0.000000 0.000000
0.000000 1.000000 -0.000000 0.000000
-0.000000 -0.000000 1.000000 -0.000000
0.000604 0.369925 -0.066694 1.000000
1.000000 0.000000 -0.000000 0.000000
-0.000000 1.000000 -0.000000 0.000000
0.000000 0.000000 1.000000 -0.000000
-0.000604 -2.152254 0.086659 1.000000
BoneName: -180225416
BoneIndex: 8
ParentIndex: 6
ChildCount: 0
1.000000 0.000000 -0.000000 0.000000
0.000000 1.000000 -0.000000 0.000000
-0.000000 -0.000000 1.000000 -0.000000
-0.052975 0.119236 -0.118899 1.000000
1.000000 0.000000 -0.000000 0.000000
-0.000000 1.000000 -0.000000 0.000000
0.000000 0.000000 1.000000 -0.000000
0.052975 -1.901565 0.138864 1.000000
BoneName: -169430568
BoneIndex: 9
ParentIndex: 6
ChildCount: 0
1.000000 0.000000 -0.000000 0.000000
0.000000 1.000000 -0.000000 0.000000
-0.000000 -0.000000 1.000000 -0.000000
0.054526 0.119236 -0.118899 1.000000
1.000000 0.000000 -0.000000 0.000000
-0.000000 1.000000 -0.000000 0.000000
0.000000 0.000000 1.000000 -0.000000
-0.054526 -1.901565 0.138864 1.000000
BoneName: -180113984
BoneIndex: 10
ParentIndex: 4
ChildCount: 1
11
0.061399 -0.039845 0.997318 0.000000
0.836593 -0.542913 -0.073195 0.000000
0.544373 0.838843 -0.000000 -0.000000
0.109129 0.267327 0.027056 1.000000
0.061399 0.836593 0.544373 0.000000
-0.039845 -0.542913 0.838843 0.000000
0.997318 -0.073195 -0.000000 -0.000000
0.029110 0.789631 -1.417257 1.000000
BoneName: -180114368
BoneIndex: 11
ParentIndex: 10
ChildCount: 1
12
0.997318 -0.073194 0.000001 0.000000
0.061398 0.836593 0.544374 0.000000
-0.039845 -0.542913 0.838843 -0.000000
0.000000 0.166088 -0.000000 1.000000
0.000001 1.000000 -0.000001 0.000000
-0.000000 0.000001 1.000000 0.000000
1.000000 -0.000001 0.000000 -0.000000
-0.016609 -0.248078 -1.528546 1.000000
BoneName: -180115520
BoneIndex: 12
ParentIndex: 11
ChildCount: 1
13
0.999848 0.017451 -0.000000 0.000000
-0.017451 0.999848 -0.000000 0.000000
-0.000000 -0.000000 1.000000 -0.000000
-0.000000 0.323276 -0.000000 1.000000
0.017452 0.999848 0.000001 0.000000
-0.000000 -0.000001 1.000000 0.000000
0.999848 -0.017452 -0.000000 -0.000000
-0.026577 -0.570974 -1.528547 1.000000
BoneName: -180114176
BoneIndex: 13
ParentIndex: 12
ChildCount: 2
14
18
1.000000 0.000000 -0.000000 0.000000
0.000000 1.000000 -0.000000 0.000000
-0.000000 -0.000000 1.000000 -0.000000
0.000000 0.280222 0.000000 1.000000
0.017451 0.999848 0.000001 0.000000
-0.000000 -0.000001 1.000000 0.000000
0.999848 -0.017451 -0.000000 -0.000000
-0.026577 -0.851196 -1.528547 1.000000
BoneName: -180112736
BoneIndex: 14
ParentIndex: 13
ChildCount: 1
15
0.855465 0.517515 0.018949 0.000000
-0.455688 0.769638 -0.447221 0.000000
-0.246027 0.373947 0.894223 -0.000000
-0.038599 0.062740 -0.032064 1.000000
0.532365 0.761568 0.369597 0.000000
0.018948 -0.447221 0.894223 0.000000
0.846303 -0.469049 -0.252515 -0.000000
-0.491047 -0.039620 -1.682911 1.000000
BoneName: -180115328
BoneIndex: 15
ParentIndex: 14
ChildCount: 1
16
0.999831 -0.018361 -0.000131 0.000000
0.018361 0.999831 -0.000426 0.000000
0.000139 0.000423 1.000000 -0.000000
-0.000000 0.065319 0.000000 1.000000
0.518243 0.771057 0.369993 0.000000
0.027040 -0.447179 0.894036 0.000000
0.854806 -0.453324 -0.252596 -0.000000
-0.488817 -0.113221 -1.683023 1.000000
BoneName: -180113696
BoneIndex: 16
ParentIndex: 15
ChildCount: 1
17
0.999963 0.008555 0.000065 0.000000
-0.008555 0.999963 0.000201 0.000000
-0.000063 -0.000202 1.000000 -0.000000
0.000000 0.075008 0.000000 1.000000
0.524845 0.766670 0.369805 0.000000
0.023271 -0.447214 0.894124 0.000000
0.850880 -0.460671 -0.252559 -0.000000
-0.490518 -0.184379 -1.682954 1.000000
BoneName: -180112448
BoneIndex: 17
ParentIndex: 16
ChildCount: 0
1.000000 0.000000 -0.000000 0.000000
0.000000 1.000000 -0.000000 0.000000
-0.000000 -0.000000 1.000000 -0.000000
-0.000000 0.048623 -0.000000 1.000000
0.524845 0.766670 0.369805 0.000000
0.023271 -0.447214 0.894124 0.000000
0.850880 -0.460671 -0.252559 -0.000000
-0.490518 -0.233002 -1.682954 1.000000
BoneName: -180112256
BoneIndex: 18
ParentIndex: 13
ChildCount: 1
19
1.000000 0.000002 -0.000000 0.000000
-0.000002 1.000000 -0.000006 0.000000
-0.000000 0.000006 1.000000 -0.000000
0.000000 0.181097 -0.000000 1.000000
0.017453 0.999848 0.000007 0.000000
-0.000000 -0.000007 1.000000 0.000000
0.999848 -0.017453 -0.000000 -0.000000
-0.026579 -1.032283 -1.528553 1.000000
BoneName: -180113408
BoneIndex: 19
ParentIndex: 18
ChildCount: 1
20
1.000000 0.000002 -0.000000 0.000000
-0.000002 1.000000 0.000023 0.000000
0.000000 -0.000023 1.000000 -0.000000
0.000000 0.041837 -0.000000 1.000000
0.017455 0.999848 -0.000016 0.000000
-0.000000 0.000016 1.000000 0.000000
0.999848 -0.017455 0.000000 -0.000000
-0.026582 -1.074156 -1.528528 1.000000
BoneName: -180112064
BoneIndex: 20
ParentIndex: 19
ChildCount: 1
21
1.000000 0.000008 -0.000000 0.000000
-0.000008 1.000000 -0.000010 0.000000
-0.000000 0.000010 1.000000 -0.000000
-0.000000 0.038319 0.000000 1.000000
0.017464 0.999847 -0.000006 0.000000
-0.000000 0.000006 1.000000 0.000000
0.999847 -0.017464 0.000000 -0.000000
-0.026591 -1.112460 -1.528539 1.000000
BoneName: -180114656
BoneIndex: 21
ParentIndex: 20
ChildCount: 0
1.000000 0.000000 -0.000000 0.000000
0.000000 1.000000 -0.000000 0.000000
-0.000000 -0.000000 1.000000 -0.000000
-0.000000 0.048636 -0.000000 1.000000
0.017464 0.999847 -0.000006 0.000000
-0.000000 0.000006 1.000000 0.000000
0.999847 -0.017464 0.000000 -0.000000
-0.026591 -1.161096 -1.528539 1.000000
BoneName: -180112640
BoneIndex: 22
ParentIndex: 4
ChildCount: 1
23
0.061399 0.039845 -0.997318 0.000000
-0.836595 -0.542910 -0.073195 0.000000
-0.544371 0.838845 -0.000000 -0.000000
-0.109129 0.267330 0.027056 1.000000
0.061399 -0.836595 -0.544370 0.000000
0.039845 -0.542910 0.838845 0.000000
-0.997318 -0.073195 0.000000 -0.000000
-0.029110 0.789628 -1.417262 1.000000
BoneName: -163082656
BoneIndex: 23
ParentIndex: 22
ChildCount: 1
24
0.997318 0.073194 -0.000001 0.000000
-0.061398 0.836595 0.544370 0.000000
0.039845 -0.542910 0.838845 -0.000000
-0.000000 0.166086 -0.000000 1.000000
0.000001 -1.000000 -0.000000 0.000000
-0.000000 -0.000000 1.000000 0.000000
-1.000000 -0.000001 -0.000000 -0.000000
0.016609 -0.248076 -1.528550 1.000000
BoneName: -163080544
BoneIndex: 24
ParentIndex: 23
ChildCount: 1
25
0.999848 -0.017452 -0.000000 0.000000
0.017452 0.999848 -0.000000 0.000000
-0.000000 -0.000000 1.000000 -0.000000
-0.000000 0.323276 -0.000000 1.000000
0.017452 -0.999848 -0.000000 0.000000
0.000000 -0.000000 1.000000 0.000000
-0.999848 -0.017452 0.000000 -0.000000
0.026577 -0.570975 -1.528550 1.000000
BoneName: -163080160
BoneIndex: 25
ParentIndex: 24
ChildCount: 2
26
30
1.000000 0.000000 -0.000000 0.000000
0.000000 1.000000 -0.000000 0.000000
-0.000000 -0.000000 1.000000 -0.000000
-0.000000 0.280222 -0.000000 1.000000
0.017452 -0.999848 -0.000000 0.000000
0.000000 -0.000000 1.000000 0.000000
-0.999848 -0.017452 0.000000 -0.000000
0.026577 -0.851197 -1.528550 1.000000
BoneName: -163079680
BoneIndex: 26
ParentIndex: 25
ChildCount: 1
27
0.856932 -0.515250 -0.013553 0.000000
0.455696 0.769648 -0.447196 0.000000
0.240849 0.377040 0.894334 -0.000000
0.038599 0.062740 -0.032070 1.000000
0.530127 -0.761578 -0.372780 0.000000
-0.013553 -0.447196 0.894334 0.000000
-0.847810 -0.469058 -0.247392 -0.000000
0.480886 -0.039669 -1.685839 1.000000
BoneName: -163081792
BoneIndex: 27
ParentIndex: 26
ChildCount: 1
28
0.999831 0.018392 0.000142 0.000000
-0.018392 0.999831 -0.000300 0.000000
-0.000147 0.000298 1.000000 -0.000000
0.000000 0.065318 0.000000 1.000000
0.515978 -0.771087 -0.373084 0.000000
-0.021649 -0.447139 0.894202 0.000000
-0.856328 -0.453312 -0.247407 -0.000000
0.478635 -0.113307 -1.685941 1.000000
BoneName: -163081600
BoneIndex: 28
ParentIndex: 27
ChildCount: 1
29
0.999963 -0.008611 -0.000069 0.000000
0.008611 0.999963 -0.000013 0.000000
0.000069 0.000013 1.000000 -0.000000
-0.000000 0.075010 0.000000 1.000000
0.522624 -0.766611 -0.373058 0.000000
-0.017859 -0.447321 0.894195 0.000000
-0.852376 -0.460665 -0.247472 -0.000000
0.480355 -0.184167 -1.685910 1.000000
BoneName: -163081888
BoneIndex: 29
ParentIndex: 28
ChildCount: 0
1.000000 0.000000 -0.000000 0.000000
0.000000 1.000000 -0.000000 0.000000
-0.000000 -0.000000 1.000000 -0.000000
-0.000000 0.048623 -0.000000 1.000000
0.522624 -0.766611 -0.373058 0.000000
-0.017859 -0.447321 0.894195 0.000000
-0.852376 -0.460665 -0.247472 -0.000000
0.480355 -0.232790 -1.685910 1.000000
BoneName: -163079392
BoneIndex: 30
ParentIndex: 25
ChildCount: 1
31
1.000000 0.000000 -0.000000 0.000000
0.000000 1.000000 -0.000000 0.000000
-0.000000 -0.000000 1.000000 -0.000000
-0.000000 0.181096 -0.000000 1.000000
0.017452 -0.999848 -0.000000 0.000000
0.000000 -0.000000 1.000000 0.000000
-0.999848 -0.017452 0.000000 -0.000000
0.026578 -1.032293 -1.528550 1.000000
BoneName: -163080448
BoneIndex: 31
ParentIndex: 30
ChildCount: 1
32
1.000000 0.000000 -0.000000 0.000000
0.000000 1.000000 -0.000000 0.000000
-0.000000 -0.000000 1.000000 -0.000000
0.000000 0.041840 0.000000 1.000000
0.017457 -0.999848 -0.000000 0.000000
0.000000 -0.000000 1.000000 0.000000
-0.999848 -0.017457 0.000000 -0.000000
0.026583 -1.074133 -1.528550 1.000000
BoneName: -163082848
BoneIndex: 32
ParentIndex: 31
ChildCount: 1
33
1.000000 0.000000 -0.000000 0.000000
0.000000 1.000000 -0.000000 0.000000
-0.000000 -0.000000 1.000000 -0.000000
-0.000000 0.038320 -0.000000 1.000000
0.017462 -0.999848 -0.000000 0.000000
0.000000 -0.000000 1.000000 0.000000
-0.999848 -0.017462 0.000000 -0.000000
0.026589 -1.112453 -1.528550 1.000000
BoneName: -163081504
BoneIndex: 33
ParentIndex: 32
ChildCount: 0
1.000000 0.000000 -0.000000 0.000000
0.000000 1.000000 -0.000000 0.000000
-0.000000 -0.000000 1.000000 -0.000000
0.000000 0.048630 -0.000000 1.000000
0.017462 -0.999848 -0.000000 0.000000
0.000000 -0.000000 1.000000 0.000000
-0.999848 -0.017462 0.000000 -0.000000
0.026589 -1.161083 -1.528550 1.000000
BoneName: -163081408
BoneIndex: 34
ParentIndex: 1
ChildCount: 1
35
-1.000000 0.000002 -0.000000 0.000000
-0.000002 -0.995634 -0.093346 0.000000
-0.000000 -0.093346 0.995634 -0.000000
0.130259 -0.071383 -0.008584 1.000000
-1.000000 -0.000000 0.000000 0.000000
-0.000000 -0.995634 -0.093348 0.000000
0.000000 -0.093348 0.995634 -0.000000
0.130259 0.924941 0.085762 1.000000
BoneName: -163081216
BoneIndex: 35
ParentIndex: 34
ChildCount: 1
36
1.000000 -0.000000 -0.000000 0.000000
0.000000 0.971502 0.237032 0.000000
-0.000000 -0.237032 0.971502 -0.000000
-0.000000 0.359040 -0.000000 1.000000
-1.000000 0.000000 0.000000 0.000000
-0.000000 -0.989386 0.145312 0.000000
0.000000 0.145312 0.989386 -0.000000
0.130259 0.570102 -0.050820 1.000000
BoneName: -163081120
BoneIndex: 36
ParentIndex: 35
ChildCount: 1
37
1.000000 0.000001 0.000001 0.000000
-0.000000 0.598091 -0.801428 0.000000
-0.000001 0.801428 0.598091 -0.000000
0.000000 0.405884 -0.000000 1.000000
-1.000000 0.000000 0.000001 0.000000
-0.000001 -0.708199 -0.706013 0.000000
0.000001 -0.706013 0.708199 -0.000000
0.130259 0.138946 0.101214 1.000000
BoneName: -163080736
BoneIndex: 37
ParentIndex: 36
ChildCount: 1
38
1.000000 0.000001 -0.000000 0.000000
-0.000001 0.704744 -0.709462 0.000000
-0.000000 0.709462 0.704744 -0.000000
-0.000000 0.240000 0.000000 1.000000
-1.000000 0.000000 0.000002 0.000000
-0.000002 0.001791 -0.999998 0.000000
-0.000000 -0.999998 -0.001791 -0.000000
0.130259 -0.143025 -0.000364 1.000000
BoneName: -163080352
BoneIndex: 38
ParentIndex: 37
ChildCount: 0
1.000000 0.000000 -0.000000 0.000000
0.000000 1.000000 -0.000000 0.000000
-0.000000 -0.000000 1.000000 -0.000000
0.000000 0.148321 0.000000 1.000000
-1.000000 0.000000 0.000002 0.000000
-0.000002 0.001791 -0.999998 0.000000
-0.000000 -0.999998 -0.001791 -0.000000
0.130259 -0.291346 -0.000364 1.000000
BoneName: -163080256
BoneIndex: 39
ParentIndex: 1
ChildCount: 1
40
-1.000000 0.000002 -0.000000 0.000000
-0.000002 -0.995634 -0.093346 0.000000
-0.000000 -0.093346 0.995634 -0.000000
-0.130259 -0.071382 -0.008584 1.000000
-1.000000 -0.000001 -0.000001 0.000000
0.000001 -0.995634 -0.093348 0.000000
-0.000001 -0.093348 0.995634 -0.000000
-0.130260 0.924941 0.085762 1.000000
BoneName: -163079296
BoneIndex: 40
ParentIndex: 39
ChildCount: 1
41
1.000000 0.000000 -0.000000 0.000000
0.000000 0.971502 0.237032 0.000000
-0.000000 -0.237032 0.971502 -0.000000
-0.000000 0.359040 0.000000 1.000000
-1.000000 0.000001 -0.000001 0.000000
-0.000001 -0.989386 0.145312 0.000000
-0.000001 0.145312 0.989386 -0.000000
-0.130259 0.570102 -0.050820 1.000000
BoneName: -163079200
BoneIndex: 41
ParentIndex: 40
ChildCount: 1
42
1.000000 0.000001 0.000000 0.000000
-0.000000 0.598096 -0.801424 0.000000
-0.000001 0.801424 0.598096 -0.000000
0.000000 0.405884 -0.000000 1.000000
-1.000000 0.000000 0.000001 0.000000
-0.000001 -0.708203 -0.706008 0.000000
0.000001 -0.706008 0.708203 -0.000000
-0.130259 0.138947 0.101214 1.000000
BoneName: -163082944
BoneIndex: 42
ParentIndex: 41
ChildCount: 1
43
1.000000 0.000001 -0.000000 0.000000
-0.000001 0.704744 -0.709462 0.000000
-0.000000 0.709462 0.704744 -0.000000
-0.000000 0.240000 -0.000000 1.000000
-1.000000 -0.000000 0.000002 0.000000
-0.000002 0.001784 -0.999998 0.000000
0.000000 -0.999998 -0.001784 -0.000000
-0.130259 -0.143024 -0.000364 1.000000
BoneName: -163082080
BoneIndex: 43
ParentIndex: 42
ChildCount: 0
1.000000 0.000000 -0.000000 0.000000
0.000000 1.000000 -0.000000 0.000000
-0.000000 -0.000000 1.000000 -0.000000
0.000000 0.148320 0.000000 1.000000
-1.000000 -0.000000 0.000002 0.000000
-0.000002 0.001784 -0.999998 0.000000
0.000000 -0.999998 -0.001784 -0.000000
-0.130259 -0.291344 -0.000364 1.000000
BoneName: -170428520
BoneIndex: 44
ParentIndex: 0
ChildCount: 0
1.000000 0.000000 -0.000000 0.000000
0.000000 1.000000 -0.000000 0.000000
-0.000000 -0.000000 1.000000 -0.000000
0.000000 0.000000 -0.000000 1.000000
1.000000 0.000000 0.000000 0.000000
0.000000 1.000000 0.000000 0.000000
0.000000 0.000000 1.000000 0.000000
0.000000 0.000000 0.000000 1.000000
