BoneCount: 45
RootBone: 0
BoneName: -1353034456
BoneIndex: 0
ParentIndex: -1
ChildCount: 2
1
44
1.000000 0.000000 -0.000000 0.000000
0.000000 1.000000 -0.000000 0.000000
-0.000000 -0.000000 1.000000 -0.000000
0.000000 0.000000 -0.000000 1.000000
1.000000 0.000000 0.000000 0.000000
0.000000 1.000000 0.000000 0.000000
0.000000 0.000000 1.000000 0.000000
0.000000 0.000000 0.000000 1.000000
BoneName: -1353035736
BoneIndex: 1
ParentIndex: 0
ChildCount: 3
2
34
39
1.000000 0.000000 -0.000000 0.000000
0.000000 1.000000 -0.000000 0.000000
-0.000000 -0.000000 1.000000 -0.000000
0.000000 1.000291 0.009538 1.000000
1.000000 0.000000 0.000000 0.000000
0.000000 1.000000 0.000000 0.000000
0.000000 0.000000 1.000000 0.000000
0.000000 0.000000 0.000000 1.000000
BoneName: -1353035096
BoneIndex: 2
ParentIndex: 1
ChildCount: 1
3
1.000000 -0.000002 0.000000 0.000000
0.000002 0.999989 -0.004597 0.000000
-0.000000 0.004597 0.999989 -0.000000
0.000000 0.146525 -0.004325 1.000000
1.000000 0.000000 0.000000 0.000000
0.000000 1.000000 0.000000 0.000000
0.000000 0.000000 1.000000 0.000000
0.000000 0.000000 0.000000 1.000000
BoneName: -1352928432
BoneIndex: 3
ParentIndex: 2
ChildCount: 1
4
1.000000 0.000000 -0.000000 0.000000
0.000000 0.999677 -0.025407 0.000000
-0.000000 0.025407 0.999677 -0.000000
-0.000000 0.103726 0.000000 1.000000
1.000000 0.000000 0.000000 0.000000
0.000000 1.000000 0.000000 0.000000
0.000000 0.000000 1.000000 0.000000
0.000000 0.000000 0.000000 1.000000
BoneName: -1352930544
BoneIndex: 4
ParentIndex: 3
ChildCount: 3
5
10
22
1.000000 0.000000 -0.000000 0.000000
0.000000 0.999550 0.030003 0.000000
-0.000000 -0.030003 0.999550 -0.000000
-0.000000 0.100895 -0.000000 1.000000
1.000000 0.000000 0.000000 0.000000
0.000000 1.000000 0.000000 0.000000
0.000000 0.000000 1.000000 0.000000
0.000000 0.000000 0.000000 1.000000
BoneName: -1353035416
BoneIndex: 5
ParentIndex: 4
ChildCount: 1
6
1.000000 0.000000 -0.000000 0.000000
0.000000 1.000000 -0.000000 0.000000
-0.000000 -0.000000 1.000000 -0.000000
-0.000000 0.316850 -0.002464 1.000000
1.000000 0.000000 0.000000 0.000000
0.000000 1.000000 0.000000 0.000000
0.000000 0.000000 1.000000 0.000000
0.000000 0.000000 0.000000 1.000000
BoneName: -1353034776
BoneIndex: 6
ParentIndex: 5
ChildCount: 3
7
8
9
1.000000 0.000000 -0.000000 0.000000
0.000000 1.000000 -0.000000 0.000000
-0.000000 -0.000000 1.000000 -0.000000
-0.000000 0.114089 -0.019209 1.000000
1.000000 0.000000 0.000000 0.000000
0.000000 1.000000 0.000000 0.000000
0.000000 0.000000 1.000000 0.000000
0.000000 0.000000 0.000000 1.000000
BoneName: -1352931408
BoneIndex: 7
ParentIndex: 6
ChildCount: 0
1.000000 0.000000 -0.000000 0.000000
0.000000 1.000000 -0.000000 0.000000
-0.000000 -0.000000 1.000000 -0.000000
0.000604 0.369925 -0.066694 1.000000
1.000000 0.000000 0.000000 0.000000
0.000000 1.000000 0.000000 0.000000
0.000000 0.000000 1.000000 0.000000
0.000000 0.000000 0.000000 1.000000
BoneName: -1353037976
BoneIndex: 8
ParentIndex: 6
ChildCount: 0
1.000000 0.000000 -0.000000 0.000000
0.000000 1.000000 -0.000000 0.000000
-0.000000 -0.000000 1.000000 -0.000000
-0.052975 0.119236 -0.118899 1.000000
1.000000 0.000000 0.000000 0.000000
0.000000 1.000000 0.000000 0.000000
0.000000 0.000000 1.000000 0.000000
0.000000 0.000000 0.000000 1.000000
BoneName: -1343612152
BoneIndex: 9
ParentIndex: 6
ChildCount: 0
1.000000 0.000000 -0.000000 0.000000
0.000000 1.000000 -0.000000 0.000000
-0.000000 -0.000000 1.000000 -0.000000
0.054526 0.119236 -0.118899 1.000000
1.000000 0.000000 0.000000 0.000000
0.000000 1.000000 0.000000 0.000000
0.000000 0.000000 1.000000 0.000000
0.000000 0.000000 0.000000 1.000000
BoneName: -1352928144
BoneIndex: 10
ParentIndex: 4
ChildCount: 1
11
0.061399 -0.039845 0.997318 0.000000
0.836593 -0.542913 -0.073195 0.000000
0.544373 0.838843 -0.000000 -0.000000
0.109129 0.267327 0.027056 1.000000
1.000000 0.000000 0.000000 0.000000
0.000000 1.000000 0.000000 0.000000
0.000000 0.000000 1.000000 0.000000
0.000000 0.000000 0.000000 1.000000
BoneName: -1352930352
BoneIndex: 11
ParentIndex: 10
ChildCount: 1
12
0.997318 -0.073194 0.000001 0.000000
0.061398 0.836593 0.544374 0.000000
-0.039845 -0.542913 0.838843 -0.000000
0.000000 0.166088 -0.000000 1.000000
1.000000 0.000000 0.000000 0.000000
0.000000 1.000000 0.000000 0.000000
0.000000 0.000000 1.000000 0.000000
0.000000 0.000000 0.000000 1.000000
BoneName: -1352929680
BoneIndex: 12
ParentIndex: 11
ChildCount: 1
13
0.999848 0.017451 -0.000000 0.000000
-0.017451 0.999848 -0.000000 0.000000
-0.000000 -0.000000 1.000000 -0.000000
-0.000000 0.323276 -0.000000 1.000000
1.000000 0.000000 0.000000 0.000000
0.000000 1.000000 0.000000 0.000000
0.000000 0.000000 1.000000 0.000000
0.000000 0.000000 0.000000 1.000000
BoneName: -1352930640
BoneIndex: 13
ParentIndex: 12
ChildCount: 2
14
18
1.000000 0.000000 -0.000000 0.000000
0.000000 1.000000 -0.000000 0.000000
-0.000000 -0.000000 1.000000 -0.000000
0.000000 0.280222 0.000000 1.000000
1.000000 0.000000 0.000000 0.000000
0.000000 1.000000 0.000000 0.000000
0.000000 0.000000 1.000000 0.000000
0.000000 0.000000 0.000000 1.000000
BoneName: -1352931312
BoneIndex: 14
ParentIndex: 13
ChildCount: 1
15
0.855465 0.517515 0.018949 0.000000
-0.455688 0.769638 -0.447221 0.000000
-0.246027 0.373947 0.894223 -0.000000
-0.038599 0.062740 -0.032064 1.000000
1.000000 0.000000 0.000000 0.000000
0.000000 1.000000 0.000000 0.000000
0.000000 0.000000 1.000000 0.000000
0.000000 0.000000 0.000000 1.000000
BoneName: -1352930448
BoneIndex: 15
ParentIndex: 14
ChildCount: 1
16
0.999831 -0.018361 -0.000131 0.000000
0.018361 0.999831 -0.000426 0.000000
0.000139 0.000423 1.000000 -0.000000
-0.000000 0.065319 0.000000 1.000000
1.000000 0.000000 0.000000 0.000000
0.000000 1.000000 0.000000 0.000000
0.000000 0.000000 1.000000 0.000000
0.000000 0.000000 0.000000 1.000000
BoneName: -1352931120
BoneIndex: 16
ParentIndex: 15
ChildCount: 1
17
0.999963 0.008555 0.000065 0.000000
-0.008555 0.999963 0.000201 0.000000
-0.000063 -0.000202 1.000000 -0.000000
0.000000 0.075008 0.000000 1.000000
1.000000 0.000000 0.000000 0.000000
0.000000 1.000000 0.000000 0.000000
0.000000 0.000000 1.000000 0.000000
0.000000 0.000000 0.000000 1.000000
BoneName: -1352928912
BoneIndex: 17
ParentIndex: 16
ChildCount: 0
1.000000 0.000000 -0.000000 0.000000
0.000000 1.000000 -0.000000 0.000000
-0.000000 -0.000000 1.000000 -0.000000
-0.000000 0.048623 -0.000000 1.000000
1.000000 0.000000 0.000000 0.000000
0.000000 1.000000 0.000000 0.000000
0.000000 0.000000 1.000000 0.000000
0.000000 0.000000 0.000000 1.000000
BoneName: -1352928720
BoneIndex: 18
ParentIndex: 13
ChildCount: 1
19
1.000000 0.000002 -0.000000 0.000000
-0.000002 1.000000 -0.000006 0.000000
-0.000000 0.000006 1.000000 -0.000000
0.000000 0.181097 -0.000000 1.000000
1.000000 0.000000 0.000000 0.000000
0.000000 1.000000 0.000000 0.000000
0.000000 0.000000 1.000000 0.000000
0.000000 0.000000 0.000000 1.000000
BoneName: -1352931888
BoneIndex: 19
ParentIndex: 18
ChildCount: 1
20
1.000000 0.000002 -0.000000 0.000000
-0.000002 1.000000 0.000023 0.000000
0.000000 -0.000023 1.000000 -0.000000
0.000000 0.041837 -0.000000 1.000000
1.000000 0.000000 0.000000 0.000000
0.000000 1.000000 0.000000 0.000000
0.000000 0.000000 1.000000 0.000000
0.000000 0.000000 0.000000 1.000000
BoneName: -1352928336
BoneIndex: 20
ParentIndex: 19
ChildCount: 1
21
1.000000 0.000008 -0.000000 0.000000
-0.000008 1.000000 -0.000010 0.000000
-0.000000 0.000010 1.000000 -0.000000
-0.000000 0.038319 0.000000 1.000000
1.000000 0.000000 0.000000 0.000000
0.000000 1.000000 0.000000 0.000000
0.000000 0.000000 1.000000 0.000000
0.000000 0.000000 0.000000 1.000000
BoneName: -1352929872
BoneIndex: 21
ParentIndex: 20
ChildCount: 0
1.000000 0.000000 -0.000000 0.000000
0.000000 1.000000 -0.000000 0.000000
-0.000000 -0.000000 1.000000 -0.000000
-0.000000 0.048636 -0.000000 1.000000
1.000000 0.000000 0.000000 0.000000
0.000000 1.000000 0.000000 0.000000
0.000000 0.000000 1.000000 0.000000
0.000000 0.000000 0.000000 1.000000
BoneName: -1352929776
BoneIndex: 22
ParentIndex: 4
ChildCount: 1
23
0.061399 0.039845 -0.997318 0.000000
-0.836595 -0.542910 -0.073195 0.000000
-0.544371 0.838845 -0.000000 -0.000000
-0.109129 0.267330 0.027056 1.000000
1.000000 0.000000 0.000000 0.000000
0.000000 1.000000 0.000000 0.000000
0.000000 0.000000 1.000000 0.000000
0.000000 0.000000 0.000000 1.000000
BoneName: -1352929104
BoneIndex: 23
ParentIndex: 22
ChildCount: 1
24
0.997318 0.073194 -0.000001 0.000000
-0.061398 0.836595 0.544370 0.000000
0.039845 -0.542910 0.838845 -0.000000
-0.000000 0.166086 -0.000000 1.000000
1.000000 0.000000 0.000000 0.000000
0.000000 1.000000 0.000000 0.000000
0.000000 0.000000 1.000000 0.000000
0.000000 0.000000 0.000000 1.000000
BoneName: -1345662688
BoneIndex: 24
ParentIndex: 23
ChildCount: 1
25
0.999848 -0.017452 -0.000000 0.000000
0.017452 0.999848 -0.000000 0.000000
-0.000000 -0.000000 1.000000 -0.000000
-0.000000 0.323276 -0.000000 1.000000
1.000000 0.000000 0.000000 0.000000
0.000000 1.000000 0.000000 0.000000
0.000000 0.000000 1.000000 0.000000
0.000000 0.000000 0.000000 1.000000
BoneName: -1345663360
BoneIndex: 25
ParentIndex: 24
ChildCount: 2
26
30
1.000000 0.000000 -0.000000 0.000000
0.000000 1.000000 -0.000000 0.000000
-0.000000 -0.000000 1.000000 -0.000000
-0.000000 0.280222 -0.000000 1.000000
1.000000 0.000000 0.000000 0.000000
0.000000 1.000000 0.000000 0.000000
0.000000 0.000000 1.000000 0.000000
0.000000 0.000000 0.000000 1.000000
BoneName: -1345664512
BoneIndex: 26
ParentIndex: 25
ChildCount: 1
27
0.856932 -0.515250 -0.013553 0.000000
0.455696 0.769648 -0.447196 0.000000
0.240849 0.377040 0.894334 -0.000000
0.038599 0.062740 -0.032070 1.000000
1.000000 0.000000 0.000000 0.000000
0.000000 1.000000 0.000000 0.000000
0.000000 0.000000 1.000000 0.000000
0.000000 0.000000 0.000000 1.000000
BoneName: -1345664416
BoneIndex: 27
ParentIndex: 26
ChildCount: 1
28
0.999831 0.018392 0.000142 0.000000
-0.018392 0.999831 -0.000300 0.000000
-0.000147 0.000298 1.000000 -0.000000
0.000000 0.065318 0.000000 1.000000
1.000000 0.000000 0.000000 0.000000
0.000000 1.000000 0.000000 0.000000
0.000000 0.000000 1.000000 0.000000
0.000000 0.000000 0.000000 1.000000
BoneName: -1345662976
BoneIndex: 28
ParentIndex: 27
ChildCount: 1
29
0.999963 -0.008611 -0.000069 0.000000
0.008611 0.999963 -0.000013 0.000000
0.000069 0.000013 1.000000 -0.000000
-0.000000 0.075010 0.000000 1.000000
1.000000 0.000000 0.000000 0.000000
0.000000 1.000000 0.000000 0.000000
0.000000 0.000000 1.000000 0.000000
0.000000 0.000000 0.000000 1.000000
BoneName: -1345663840
BoneIndex: 29
ParentIndex: 28
ChildCount: 0
1.000000 0.000000 -0.000000 0.000000
0.000000 1.000000 -0.000000 0.000000
-0.000000 -0.000000 1.000000 -0.000000
-0.000000 0.048623 -0.000000 1.000000
1.000000 0.000000 0.000000 0.000000
0.000000 1.000000 0.000000 0.000000
0.000000 0.000000 1.000000 0.000000
0.000000 0.000000 0.000000 1.000000
BoneName: -1345663456
BoneIndex: 30
ParentIndex: 25
ChildCount: 1
31
1.000000 0.000000 -0.000000 0.000000
0.000000 1.000000 -0.000000 0.000000
-0.000000 -0.000000 1.000000 -0.000000
-0.000000 0.181096 -0.000000 1.000000
1.000000 0.000000 0.000000 0.000000
0.000000 1.000000 0.000000 0.000000
0.000000 0.000000 1.000000 0.000000
0.000000 0.000000 0.000000 1.000000
BoneName: -1345664224
BoneIndex: 31
ParentIndex: 30
ChildCount: 1
32
1.000000 0.000000 -0.000000 0.000000
0.000000 1.000000 -0.000000 0.000000
-0.000000 -0.000000 1.000000 -0.000000
0.000000 0.041840 0.000000 1.000000
1.000000 0.000000 0.000000 0.000000
0.000000 1.000000 0.000000 0.000000
0.000000 0.000000 1.000000 0.000000
0.000000 0.000000 0.000000 1.000000
BoneName: -1345663264
BoneIndex: 32
ParentIndex: 31
ChildCount: 1
33
1.000000 0.000000 -0.000000 0.000000
0.000000 1.000000 -0.000000 0.000000
-0.000000 -0.000000 1.000000 -0.000000
-0.000000 0.038320 -0.000000 1.000000
1.000000 0.000000 0.000000 0.000000
0.000000 1.000000 0.000000 0.000000
0.000000 0.000000 1.000000 0.000000
0.000000 0.000000 0.000000 1.000000
BoneName: -1345663072
BoneIndex: 33
ParentIndex: 32
ChildCount: 0
1.000000 0.000000 -0.000000 0.000000
0.000000 1.000000 -0.000000 0.000000
-0.000000 -0.000000 1.000000 -0.000000
0.000000 0.048630 -0.000000 1.000000
1.000000 0.000000 0.000000 0.000000
0.000000 1.000000 0.000000 0.000000
0.000000 0.000000 1.000000 0.000000
0.000000 0.000000 0.000000 1.000000
BoneName: -1336347696
BoneIndex: 34
ParentIndex: 1
ChildCount: 1
35
-1.000000 0.000002 -0.000000 0.000000
-0.000002 -0.995634 -0.093346 0.000000
-0.000000 -0.093346 0.995634 -0.000000
0.130259 -0.071383 -0.008584 1.000000
1.000000 0.000000 0.000000 0.000000
0.000000 1.000000 0.000000 0.000000
0.000000 0.000000 1.000000 0.000000
0.000000 0.000000 0.000000 1.000000
BoneName: -1336350096
BoneIndex: 35
ParentIndex: 34
ChildCount: 1
36
1.000000 -0.000000 -0.000000 0.000000
0.000000 0.971502 0.237032 0.000000
-0.000000 -0.237032 0.971502 -0.000000
-0.000000 0.359040 -0.000000 1.000000
1.000000 0.000000 0.000000 0.000000
0.000000 1.000000 0.000000 0.000000
0.000000 0.000000 1.000000 0.000000
0.000000 0.000000 0.000000 1.000000
BoneName: -1336346544
BoneIndex: 36
ParentIndex: 35
ChildCount: 1
37
1.000000 0.000001 0.000001 0.000000
-0.000000 0.598091 -0.801428 0.000000
-0.000001 0.801428 0.598091 -0.000000
0.000000 0.405884 -0.000000 1.000000
1.000000 0.000000 0.000000 0.000000
0.000000 1.000000 0.000000 0.000000
0.000000 0.000000 1.000000 0.000000
0.000000 0.000000 0.000000 1.000000
BoneName: -1336348752
BoneIndex: 37
ParentIndex: 36
ChildCount: 1
38
1.000000 0.000001 -0.000000 0.000000
-0.000001 0.704744 -0.709462 0.000000
-0.000000 0.709462 0.704744 -0.000000
-0.000000 0.240000 0.000000 1.000000
1.000000 0.000000 0.000000 0.000000
0.000000 1.000000 0.000000 0.000000
0.000000 0.000000 1.000000 0.000000
0.000000 0.000000 0.000000 1.000000
BoneName: -1336349808
BoneIndex: 38
ParentIndex: 37
ChildCount: 0
1.000000 0.000000 -0.000000 0.000000
0.000000 1.000000 -0.000000 0.000000
-0.000000 -0.000000 1.000000 -0.000000
0.000000 0.148321 0.000000 1.000000
1.000000 0.000000 0.000000 0.000000
0.000000 1.000000 0.000000 0.000000
0.000000 0.000000 1.000000 0.000000
0.000000 0.000000 0.000000 1.000000
BoneName: -1336348656
BoneIndex: 39
ParentIndex: 1
ChildCount: 1
40
-1.000000 0.000002 -0.000000 0.000000
-0.000002 -0.995634 -0.093346 0.000000
-0.000000 -0.093346 0.995634 -0.000000
-0.130259 -0.071382 -0.008584 1.000000
1.000000 0.000000 0.000000 0.000000
0.000000 1.000000 0.000000 0.000000
0.000000 0.000000 1.000000 0.000000
0.000000 0.000000 0.000000 1.000000
BoneName: -1336347984
BoneIndex: 40
ParentIndex: 39
ChildCount: 1
41
1.000000 0.000000 -0.000000 0.000000
0.000000 0.971502 0.237032 0.000000
-0.000000 -0.237032 0.971502 -0.000000
-0.000000 0.359040 0.000000 1.000000
1.000000 0.000000 0.000000 0.000000
0.000000 1.000000 0.000000 0.000000
0.000000 0.000000 1.000000 0.000000
0.000000 0.000000 0.000000 1.000000
BoneName: -1336347888
BoneIndex: 41
ParentIndex: 40
ChildCount: 1
42
1.000000 0.000001 0.000000 0.000000
-0.000000 0.598096 -0.801424 0.000000
-0.000001 0.801424 0.598096 -0.000000
0.000000 0.405884 -0.000000 1.000000
1.000000 0.000000 0.000000 0.000000
0.000000 1.000000 0.000000 0.000000
0.000000 0.000000 1.000000 0.000000
0.000000 0.000000 0.000000 1.000000
BoneName: -1336349520
BoneIndex: 42
ParentIndex: 41
ChildCount: 1
43
1.000000 0.000001 -0.000000 0.000000
-0.000001 0.704744 -0.709462 0.000000
-0.000000 0.709462 0.704744 -0.000000
-0.000000 0.240000 -0.000000 1.000000
1.000000 0.000000 0.000000 0.000000
0.000000 1.000000 0.000000 0.000000
0.000000 0.000000 1.000000 0.000000
0.000000 0.000000 0.000000 1.000000
BoneName: -1336346352
BoneIndex: 43
ParentIndex: 42
ChildCount: 0
1.000000 0.000000 -0.000000 0.000000
0.000000 1.000000 -0.000000 0.000000
-0.000000 -0.000000 1.000000 -0.000000
0.000000 0.148320 0.000000 1.000000
1.000000 0.000000 0.000000 0.000000
0.000000 1.000000 0.000000 0.000000
0.000000 0.000000 1.000000 0.000000
0.000000 0.000000 0.000000 1.000000
BoneName: -1344376344
BoneIndex: 44
ParentIndex: 0
ChildCount: 0
1.000000 0.000000 -0.000000 0.000000
0.000000 1.000000 -0.000000 0.000000
-0.000000 -0.000000 1.000000 -0.000000
0.000000 0.000000 -0.000000 1.000000
1.000000 0.000000 0.000000 0.000000
0.000000 1.000000 0.000000 0.000000
0.000000 0.000000 1.000000 0.000000
0.000000 0.000000 0.000000 1.000000
