BoneCount: 67
RootBone: 0
BoneName: 1051918520
BoneIndex: 0
ParentIndex: -1
ChildCount: 2
1
66
1.000000 0.000000 -0.000000 0.000000
0.000000 1.000000 -0.000000 0.000000
-0.000000 -0.000000 1.000000 -0.000000
0.000000 0.000000 -0.000000 1.000000
1.000000 0.000000 0.000000 0.000000
0.000000 1.000000 0.000000 0.000000
0.000000 0.000000 1.000000 0.000000
0.000000 0.000000 0.000000 1.000000
BoneName: 1051919160
BoneIndex: 1
ParentIndex: 0
ChildCount: 3
2
56
61
1.000000 0.000000 -0.000000 0.000000
0.000000 1.000000 -0.000000 0.000000
-0.000000 -0.000000 1.000000 -0.000000
0.000000 0.953460 -0.005877 1.000000
1.000000 0.000000 -0.000000 0.000000
0.000000 1.000000 -0.000000 0.000000
-0.000000 -0.000000 1.000000 -0.000000
0.000000 -0.952399 0.005877 1.000000
BoneName: 1051919480
BoneIndex: 2
ParentIndex: 1
ChildCount: 1
3
1.000000 0.000000 -0.000000 0.000000
0.000000 0.996192 0.087185 0.000000
-0.000000 -0.087185 0.996192 -0.000000
0.000000 0.108713 0.009514 1.000000
1.000000 0.000000 -0.000000 0.000000
0.000000 0.996192 -0.087185 0.000000
-0.000000 0.087185 0.996192 -0.000000
0.000000 -1.057389 0.088890 1.000000
BoneName: 1052027584
BoneIndex: 3
ParentIndex: 2
ChildCount: 1
4
1.000000 0.000000 -0.000000 0.000000
0.000000 1.000000 -0.000000 0.000000
-0.000000 -0.000000 1.000000 -0.000000
0.000000 0.127316 -0.000000 1.000000
1.000000 0.000000 -0.000000 0.000000
0.000000 0.996192 -0.087185 0.000000
-0.000000 0.087185 0.996192 -0.000000
0.000000 -1.184705 0.088890 1.000000
BoneName: 1052027680
BoneIndex: 4
ParentIndex: 3
ChildCount: 3
5
8
32
1.000000 0.000000 -0.000000 0.000000
0.000000 1.000000 -0.000000 0.000000
-0.000000 -0.000000 1.000000 -0.000000
0.000000 0.145504 0.000000 1.000000
1.000000 0.000000 -0.000000 0.000000
0.000000 0.996192 -0.087185 0.000000
-0.000000 0.087185 0.996192 -0.000000
0.000000 -1.330209 0.088890 1.000000
BoneName: 1051917880
BoneIndex: 5
ParentIndex: 4
ChildCount: 1
6
1.000000 0.000000 -0.000000 0.000000
0.000000 0.996192 -0.087185 0.000000
-0.000000 0.087185 0.996192 -0.000000
0.000000 0.163692 0.000000 1.000000
1.000000 0.000000 -0.000000 0.000000
0.000000 1.000000 0.000000 0.000000
-0.000000 -0.000000 1.000000 -0.000000
0.000000 -1.495963 -0.041695 1.000000
BoneName: 1051916600
BoneIndex: 6
ParentIndex: 5
ChildCount: 1
7
1.000000 0.000000 -0.000000 0.000000
0.000000 1.000000 -0.000000 0.000000
-0.000000 -0.000000 1.000000 -0.000000
0.000000 0.061167 -0.024233 1.000000
1.000000 0.000000 -0.000000 0.000000
0.000000 1.000000 0.000000 0.000000
-0.000000 -0.000000 1.000000 -0.000000
0.000000 -1.557130 -0.017462 1.000000
BoneName: 1052028928
BoneIndex: 7
ParentIndex: 6
ChildCount: 0
1.000000 0.000000 -0.000000 0.000000
0.000000 1.000000 -0.000000 0.000000
-0.000000 -0.000000 1.000000 -0.000000
0.000000 0.237128 -0.093945 1.000000
1.000000 0.000000 0.000000 0.000000
0.000000 1.000000 0.000000 0.000000
0.000000 0.000000 1.000000 0.000000
0.000000 0.000000 0.000000 1.000000
BoneName: 1052028256
BoneIndex: 8
ParentIndex: 4
ChildCount: 1
9
-0.040610 -0.002238 0.999173 0.000000
0.968333 -0.246628 0.038804 0.000000
0.246338 0.969108 0.012182 -0.000000
0.076706 0.142604 0.003437 1.000000
-0.040610 0.968333 0.246338 0.000000
-0.089342 -0.249073 0.964355 0.000000
0.995173 0.017154 0.096628 -0.000000
0.091793 0.292277 -1.445169 1.000000
BoneName: 1052029984
BoneIndex: 9
ParentIndex: 8
ChildCount: 1
10
0.999036 0.043904 -0.000000 0.000000
-0.043506 0.989980 0.134337 0.000000
0.005898 -0.134207 0.990936 -0.000000
0.002684 0.125835 -0.017170 1.000000
0.001943 0.993489 0.113908 0.000000
-0.100192 -0.113142 0.988514 0.000000
0.994966 -0.013333 0.099319 -0.000000
0.096331 -0.030935 -1.436868 1.000000
BoneName: 1052029792
BoneIndex: 10
ParentIndex: 9
ChildCount: 1
11
0.999686 0.025068 -0.000000 0.000000
-0.025058 0.999274 0.028684 0.000000
0.000719 -0.028675 0.999589 -0.000000
-0.000091 0.249383 0.009081 1.000000
0.026847 0.995987 0.085374 0.000000
-0.102996 -0.082194 0.991280 0.000000
0.994319 -0.035406 0.100376 -0.000000
0.089364 -0.324007 -1.437246 1.000000
BoneName: 1052029024
BoneIndex: 11
ParentIndex: 10
ChildCount: 5
12
16
20
24
28
0.974378 0.068993 0.214072 0.000000
-0.050833 0.994715 -0.089210 0.000000
-0.219096 0.076043 0.972736 -0.000000
0.000000 0.248100 0.000000 1.000000
0.113152 0.981742 0.152902 0.000000
0.106177 -0.164957 0.980569 0.000000
0.987888 -0.094719 -0.122904 -0.000000
-0.260071 -0.445409 -1.461144 1.000000
BoneName: 1052028448
BoneIndex: 12
ParentIndex: 11
ChildCount: 1
13
0.863880 0.503697 0.000000 0.000000
-0.489351 0.839276 -0.236961 0.000000
-0.119357 0.204706 0.971519 -0.000000
-0.029847 0.033283 -0.010680 1.000000
0.592250 0.732350 0.336010 0.000000
0.008636 -0.422759 0.906201 0.000000
0.805708 -0.533796 -0.256704 -0.000000
-0.440002 0.054609 -1.479666 1.000000
BoneName: 1052029312
BoneIndex: 13
ParentIndex: 12
ChildCount: 1
14
1.000000 0.000000 -0.000000 0.000000
0.000000 0.980320 -0.197415 0.000000
-0.000000 0.197415 0.980320 -0.000000
-0.007216 0.036056 -0.000000 1.000000
0.592250 0.651604 0.473974 0.000000
0.008636 -0.593337 0.804908 0.000000
0.805708 -0.472614 -0.357031 -0.000000
-0.432786 0.310295 -1.446884 1.000000
BoneName: 1052027872
BoneIndex: 14
ParentIndex: 13
ChildCount: 1
15
1.000000 0.000000 -0.000000 0.000000
0.000000 0.959829 0.280587 0.000000
-0.000000 -0.280587 0.959829 -0.000000
0.000317 0.036687 0.000000 1.000000
0.592250 0.758419 0.272103 0.000000
0.008636 -0.343655 0.939056 0.000000
0.805708 -0.553806 -0.210080 -0.000000
-0.433103 -0.143360 -1.465531 1.000000
BoneName: 1052026912
BoneIndex: 15
ParentIndex: 14
ChildCount: 0
1.000000 0.000000 -0.000000 0.000000
0.000000 1.000000 -0.000000 0.000000
-0.000000 -0.000000 1.000000 -0.000000
0.006899 0.028474 -0.000000 1.000000
1.000000 0.000000 0.000000 0.000000
0.000000 1.000000 0.000000 0.000000
0.000000 0.000000 1.000000 0.000000
0.000000 0.000000 0.000000 1.000000
BoneName: 1052026624
BoneIndex: 16
ParentIndex: 11
ChildCount: 1
17
0.994839 0.101468 0.000000 0.000000
-0.101406 0.994230 0.034982 0.000000
0.003550 -0.034801 0.999388 -0.000000
-0.035356 0.102905 -0.000834 1.000000
0.212183 0.969952 0.119044 0.000000
0.088892 -0.140470 0.986086 0.000000
0.973179 -0.198649 -0.116026 -0.000000
-0.279191 -0.573447 -1.441132 1.000000
BoneName: 1052029600
BoneIndex: 17
ParentIndex: 16
ChildCount: 1
18
1.000000 0.000000 -0.000000 0.000000
0.000000 0.980949 -0.194263 0.000000
-0.000000 0.194263 0.980949 -0.000000
0.000359 0.033391 0.000000 1.000000
0.212183 0.928348 0.305202 0.000000
0.088892 -0.329354 0.940013 0.000000
0.973179 -0.172325 -0.152406 -0.000000
-0.279551 -0.315318 -1.531564 1.000000
BoneName: 1052027104
BoneIndex: 18
ParentIndex: 17
ChildCount: 1
19
1.000000 0.000000 -0.000000 0.000000
0.000000 0.999742 -0.022728 0.000000
-0.000000 0.022728 0.999742 -0.000000
-0.000171 0.033128 0.000000 1.000000
0.212183 0.921171 0.326223 0.000000
0.088892 -0.350634 0.932284 0.000000
0.973179 -0.168817 -0.156283 -0.000000
-0.279380 -0.313546 -1.539088 1.000000
BoneName: 1052028064
BoneIndex: 19
ParentIndex: 18
ChildCount: 0
1.000000 0.000000 -0.000000 0.000000
0.000000 1.000000 -0.000000 0.000000
-0.000000 -0.000000 1.000000 -0.000000
-0.000189 0.026934 -0.000000 1.000000
1.000000 0.000000 0.000000 0.000000
0.000000 1.000000 0.000000 0.000000
0.000000 0.000000 1.000000 0.000000
0.000000 0.000000 0.000000 1.000000
BoneName: 1052029504
BoneIndex: 20
ParentIndex: 11
ChildCount: 1
21
0.999890 -0.014823 0.000000 0.000000
0.014823 0.999867 -0.006803 0.000000
0.000101 0.006803 0.999977 -0.000000
-0.010240 0.110656 0.000720 1.000000
0.098587 0.982249 0.159588 0.000000
0.108611 -0.170032 0.979435 0.000000
0.989184 -0.079227 -0.123446 -0.000000
-0.241561 -0.549749 -1.465638 1.000000
BoneName: 1304958096
BoneIndex: 21
ParentIndex: 20
ChildCount: 1
22
1.000000 0.000000 -0.000000 0.000000
0.000000 0.989582 -0.143968 0.000000
-0.000000 0.143968 0.989582 -0.000000
0.000228 0.034865 -0.000000 1.000000
0.098587 0.949040 0.299338 0.000000
0.108611 -0.309268 0.944752 0.000000
0.989184 -0.060629 -0.133566 -0.000000
-0.241789 -0.367519 -1.534535 1.000000
BoneName: 1304959920
BoneIndex: 22
ParentIndex: 21
ChildCount: 1
23
1.000000 0.000000 -0.000000 0.000000
0.000000 0.999955 -0.009504 0.000000
-0.000000 0.009504 0.999955 -0.000000
-0.000114 0.033338 -0.000000 1.000000
0.098587 0.946153 0.308343 0.000000
0.108611 -0.318232 0.941771 0.000000
0.989184 -0.059357 -0.134136 -0.000000
-0.241675 -0.386255 -1.538276 1.000000
BoneName: 1304959344
BoneIndex: 23
ParentIndex: 22
ChildCount: 0
1.000000 0.000000 -0.000000 0.000000
0.000000 1.000000 -0.000000 0.000000
-0.000000 -0.000000 1.000000 -0.000000
-0.000113 0.027831 -0.000000 1.000000
1.000000 0.000000 0.000000 0.000000
0.000000 1.000000 0.000000 0.000000
0.000000 0.000000 1.000000 0.000000
0.000000 0.000000 0.000000 1.000000
BoneName: 1304958768
BoneIndex: 24
ParentIndex: 11
ChildCount: 1
25
0.998322 -0.057901 0.000000 0.000000
0.057325 0.988395 -0.140672 0.000000
0.008145 0.140436 0.990056 -0.000000
0.012978 0.113293 0.001384 1.000000
0.056119 0.955327 0.290175 0.000000
0.115550 -0.294895 0.948517 0.000000
0.991715 -0.019700 -0.126937 -0.000000
-0.240242 -0.362134 -1.528671 1.000000
BoneName: 1304959440
BoneIndex: 25
ParentIndex: 24
ChildCount: 1
26
1.000000 0.000000 -0.000000 0.000000
0.000000 0.999789 -0.020539 0.000000
-0.000000 0.020539 0.999789 -0.000000
-0.000075 0.027489 -0.000000 1.000000
0.056119 0.949165 0.309736 0.000000
0.115550 -0.314314 0.942260 0.000000
0.991715 -0.017088 -0.127315 -0.000000
-0.240167 -0.358143 -1.536351 1.000000
BoneName: 1304957904
BoneIndex: 26
ParentIndex: 25
ChildCount: 1
27
1.000000 0.000000 -0.000000 0.000000
0.000000 0.982585 0.185813 0.000000
-0.000000 -0.185813 0.982585 -0.000000
-0.000108 0.026704 0.000000 1.000000
0.056119 0.990188 0.127975 0.000000
0.115550 -0.133757 0.984255 0.000000
0.991715 -0.040447 -0.121923 -0.000000
-0.240059 -0.663619 -1.438086 1.000000
BoneName: 1304959248
BoneIndex: 27
ParentIndex: 26
ChildCount: 0
1.000000 0.000000 -0.000000 0.000000
0.000000 1.000000 -0.000000 0.000000
-0.000000 -0.000000 1.000000 -0.000000
0.000183 0.023206 -0.000000 1.000000
1.000000 0.000000 0.000000 0.000000
0.000000 1.000000 0.000000 0.000000
0.000000 0.000000 1.000000 0.000000
0.000000 0.000000 0.000000 1.000000
BoneName: 1304956464
BoneIndex: 28
ParentIndex: 11
ChildCount: 1
29
0.994257 -0.107019 -0.000000 0.000000
0.106414 0.988639 -0.106155 0.000000
0.011361 0.105545 0.994350 -0.000000
0.032618 0.094940 0.001102 1.000000
0.007437 0.966398 0.256942 0.000000
0.123221 -0.255876 0.958824 0.000000
0.992351 0.024530 -0.120984 -0.000000
-0.233181 -0.410131 -1.514341 1.000000
BoneName: 1304958960
BoneIndex: 29
ParentIndex: 28
ChildCount: 1
30
1.000000 0.000000 -0.000000 0.000000
0.000000 0.981452 -0.191709 0.000000
-0.000000 0.191709 0.981452 -0.000000
0.000060 0.027529 -0.000000 1.000000
0.007437 0.899215 0.437443 0.000000
0.123221 -0.434946 0.891986 0.000000
0.992351 0.047268 -0.114037 -0.000000
-0.233240 -0.139229 -1.570156 1.000000
BoneName: 1304958288
BoneIndex: 30
ParentIndex: 29
ChildCount: 1
31
1.000000 0.000000 -0.000000 0.000000
0.000000 0.948408 0.317052 0.000000
-0.000000 -0.317052 0.948408 -0.000000
-0.000231 0.025023 -0.000000 1.000000
0.007437 0.991515 0.129777 0.000000
0.123221 -0.129701 0.983867 0.000000
0.992351 0.008674 -0.123140 -0.000000
-0.233009 -0.653599 -1.437072 1.000000
BoneName: 1304959728
BoneIndex: 31
ParentIndex: 30
ChildCount: 0
1.000000 0.000000 -0.000000 0.000000
0.000000 1.000000 -0.000000 0.000000
-0.000000 -0.000000 1.000000 -0.000000
0.000172 0.017931 -0.000000 1.000000
1.000000 0.000000 0.000000 0.000000
0.000000 1.000000 0.000000 0.000000
0.000000 0.000000 1.000000 0.000000
0.000000 0.000000 0.000000 1.000000
BoneName: 1304960208
BoneIndex: 32
ParentIndex: 4
ChildCount: 1
33
-0.004638 -0.000543 -0.999989 0.000000
-0.968333 -0.249619 0.004627 0.000000
-0.249619 0.968344 0.000632 -0.000000
-0.076706 0.142328 0.000278 1.000000
-0.004638 -0.968333 -0.249619 0.000000
0.086643 -0.249072 0.964602 0.000000
-0.996229 -0.017154 0.085055 -0.000000
-0.088166 0.293706 -1.445014 1.000000
BoneName: 1304958384
BoneIndex: 33
ParentIndex: 32
ChildCount: 1
34
0.999006 0.044582 -0.000000 0.000000
-0.044130 0.988870 0.142088 0.000000
0.006335 -0.141947 0.989854 -0.000000
-0.009943 0.125671 -0.016563 1.000000
-0.047804 -0.992819 -0.109663 0.000000
0.075453 -0.113064 0.990719 0.000000
-0.996003 0.039086 0.080316 -0.000000
-0.070654 -0.033350 -1.438305 1.000000
BoneName: 1304957520
BoneIndex: 34
ParentIndex: 33
ChildCount: 1
35
0.996889 -0.078815 0.000000 0.000000
0.078791 0.996583 0.024776 0.000000
-0.001953 -0.024699 0.999693 -0.000000
0.012571 0.249098 0.008061 1.000000
0.030594 -0.995910 -0.085015 0.000000
0.084130 -0.082187 0.993060 0.000000
-0.995985 -0.037534 0.081271 -0.000000
-0.060705 -0.323875 -1.438783 1.000000
BoneName: 1304956752
BoneIndex: 35
ParentIndex: 34
ChildCount: 5
36
40
44
48
52
0.982804 -0.068625 -0.171429 0.000000
0.052647 0.993981 -0.096075 0.000000
0.176990 0.085397 0.980501 -0.000000
0.000000 0.248120 -0.000000 1.000000
0.112986 -0.980137 -0.162990 0.000000
-0.081916 -0.172671 0.981567 0.000000
-0.990214 -0.097552 -0.099798 -0.000000
0.226241 -0.433517 -1.470319 1.000000
BoneName: 1304956944
BoneIndex: 36
ParentIndex: 35
ChildCount: 1
37
0.867067 -0.498191 -0.000000 0.000000
0.479801 0.835061 -0.269192 0.000000
0.134109 0.233408 0.963086 -0.000000
0.030414 0.033609 -0.012380 1.000000
0.586262 -0.720387 -0.370593 0.000000
0.014996 -0.447724 0.894046 0.000000
-0.809983 -0.529703 -0.251681 -0.000000
0.402513 0.096344 -1.486889 1.000000
BoneName: 1304957136
BoneIndex: 37
ParentIndex: 36
ChildCount: 1
38
1.000000 0.000000 -0.000000 0.000000
0.000000 0.992631 -0.121180 0.000000
-0.000000 0.121180 0.992631 -0.000000
0.007702 0.036793 0.000000 1.000000
0.586262 -0.670170 -0.455158 0.000000
0.014996 -0.552765 0.833202 0.000000
-0.809983 -0.495300 -0.314015 -0.000000
0.394811 0.239293 -1.468715 1.000000
BoneName: 1304957712
BoneIndex: 38
ParentIndex: 37
ChildCount: 1
39
1.000000 0.000000 -0.000000 0.000000
0.000000 0.961660 0.274244 0.000000
-0.000000 -0.274244 0.961660 -0.000000
-0.002163 0.035750 -0.000000 1.000000
0.586262 -0.769300 -0.253918 0.000000
0.014996 -0.303072 0.952850 0.000000
-0.809983 -0.562427 -0.166143 -0.000000
0.396974 -0.207046 -1.468226 1.000000
BoneName: 1304958000
BoneIndex: 39
ParentIndex: 38
ChildCount: 0
1.000000 0.000000 -0.000000 0.000000
0.000000 1.000000 -0.000000 0.000000
-0.000000 -0.000000 1.000000 -0.000000
-0.005539 0.027363 0.000000 1.000000
1.000000 0.000000 0.000000 0.000000
0.000000 1.000000 0.000000 0.000000
0.000000 0.000000 1.000000 0.000000
0.000000 0.000000 0.000000 1.000000
BoneName: 1304958672
BoneIndex: 40
ParentIndex: 35
ChildCount: 1
41
0.995458 -0.095204 -0.000000 0.000000
0.095197 0.995390 0.011685 0.000000
-0.001112 -0.011632 0.999932 -0.000000
0.035021 0.106752 -0.000531 1.000000
0.205786 -0.966767 -0.151703 0.000000
-0.065105 -0.168203 0.983600 0.000000
-0.976429 -0.192534 -0.097555 -0.000000
0.241787 -0.536750 -1.463615 1.000000
BoneName: 1173161280
BoneIndex: 41
ParentIndex: 40
ChildCount: 1
42
1.000000 0.000000 -0.000000 0.000000
0.000000 0.985986 -0.166827 0.000000
-0.000000 0.166827 0.985986 -0.000000
-0.000241 0.033663 -0.000000 1.000000
0.205786 -0.927911 -0.310860 0.000000
-0.065105 -0.329937 0.941755 0.000000
-0.976429 -0.173561 -0.128308 -0.000000
0.242028 -0.318248 -1.538265 1.000000
BoneName: 1173161856
BoneIndex: 42
ParentIndex: 41
ChildCount: 1
43
1.000000 0.000000 -0.000000 0.000000
0.000000 0.998438 -0.055865 0.000000
-0.000000 0.055865 0.998438 -0.000000
0.000084 0.031520 0.000000 1.000000
0.205786 -0.909095 -0.362213 0.000000
-0.065105 -0.382033 0.921853 0.000000
-0.976429 -0.166122 -0.137804 -0.000000
0.241944 -0.263287 -1.555402 1.000000
BoneName: 1173161664
BoneIndex: 43
ParentIndex: 42
ChildCount: 0
1.000000 0.000000 -0.000000 0.000000
0.000000 1.000000 -0.000000 0.000000
-0.000000 -0.000000 1.000000 -0.000000
0.000157 0.025568 0.000000 1.000000
1.000000 0.000000 0.000000 0.000000
0.000000 1.000000 0.000000 0.000000
0.000000 0.000000 1.000000 0.000000
0.000000 0.000000 0.000000 1.000000
BoneName: 1173162720
BoneIndex: 44
ParentIndex: 35
ChildCount: 1
45
0.999961 -0.008836 -0.000000 0.000000
0.008836 0.999955 -0.003311 0.000000
0.000029 0.003310 0.999995 -0.000000
0.008599 0.119550 0.001819 1.000000
0.121642 -0.978555 -0.166231 0.000000
-0.080387 -0.176637 0.980988 0.000000
-0.989313 -0.105966 -0.100150 -0.000000
0.222520 -0.546246 -1.473954 1.000000
BoneName: 1173163104
BoneIndex: 45
ParentIndex: 44
ChildCount: 1
46
1.000000 0.000000 -0.000000 0.000000
0.000000 0.988040 -0.154198 0.000000
-0.000000 0.154198 0.988040 -0.000000
-0.000005 0.030703 -0.000000 1.000000
0.121642 -0.941219 -0.315134 0.000000
-0.080387 -0.325791 0.942018 0.000000
-0.989313 -0.089256 -0.115292 -0.000000
0.222525 -0.342767 -1.545290 1.000000
BoneName: 1173162240
BoneIndex: 46
ParentIndex: 45
ChildCount: 1
47
1.000000 0.000000 -0.000000 0.000000
0.000000 0.934570 0.355780 0.000000
-0.000000 -0.355780 0.934570 -0.000000
0.000252 0.031993 0.000000 1.000000
0.121642 -0.991754 0.040352 0.000000
-0.080387 0.030677 0.996292 0.000000
-0.989313 -0.124434 -0.075993 -0.000000
0.222273 -0.900023 -1.310849 1.000000
BoneName: 1173161568
BoneIndex: 47
ParentIndex: 46
ChildCount: 0
1.000000 0.000000 -0.000000 0.000000
0.000000 1.000000 -0.000000 0.000000
-0.000000 -0.000000 1.000000 -0.000000
-0.000247 0.021360 -0.000000 1.000000
1.000000 0.000000 0.000000 0.000000
0.000000 1.000000 0.000000 0.000000
0.000000 0.000000 1.000000 0.000000
0.000000 0.000000 0.000000 1.000000
BoneName: 1173160224
BoneIndex: 48
ParentIndex: 35
ChildCount: 1
49
0.997947 0.064046 -0.000000 0.000000
-0.063910 0.995830 -0.065102 0.000000
-0.004170 0.064969 0.997879 -0.000000
-0.013237 0.124021 -0.000864 1.000000
0.049980 -0.972660 -0.226794 0.000000
-0.092807 -0.230618 0.968608 0.000000
-0.994429 -0.027363 -0.101796 -0.000000
0.203278 -0.474853 -1.503558 1.000000
BoneName: 1173160608
BoneIndex: 49
ParentIndex: 48
ChildCount: 1
50
1.000000 0.000000 -0.000000 0.000000
0.000000 0.999071 -0.043091 0.000000
-0.000000 0.043091 0.999071 -0.000000
0.000031 0.025134 -0.000000 1.000000
0.049980 -0.961983 -0.268496 0.000000
-0.092807 -0.272142 0.957771 0.000000
-0.994429 -0.022951 -0.102880 -0.000000
0.203247 -0.434733 -1.523706 1.000000
BoneName: 1173162048
BoneIndex: 50
ParentIndex: 49
ChildCount: 1
51
1.000000 0.000000 -0.000000 0.000000
0.000000 0.975475 0.220109 0.000000
-0.000000 -0.220109 0.975475 -0.000000
0.000079 0.023471 -0.000000 1.000000
0.049980 -0.997489 -0.050169 0.000000
-0.092807 -0.054653 0.994183 0.000000
-0.994429 -0.045033 -0.095305 -0.000000
0.203169 -0.782348 -1.385483 1.000000
BoneName: 1173160896
BoneIndex: 51
ParentIndex: 50
ChildCount: 0
1.000000 0.000000 -0.000000 0.000000
0.000000 1.000000 -0.000000 0.000000
-0.000000 -0.000000 1.000000 -0.000000
-0.000110 0.016139 0.000000 1.000000
1.000000 0.000000 0.000000 0.000000
0.000000 1.000000 0.000000 0.000000
0.000000 0.000000 1.000000 0.000000
0.000000 0.000000 0.000000 1.000000
BoneName: 1173160704
BoneIndex: 52
ParentIndex: 35
ChildCount: 1
53
0.984310 0.176447 0.000000 0.000000
-0.175848 0.980970 -0.082310 0.000000
-0.014523 0.081018 0.996607 -0.000000
-0.030382 0.090390 0.001747 1.000000
-0.061729 -0.967938 -0.243487 0.000000
-0.111098 -0.235773 0.965437 0.000000
-0.991890 0.086646 -0.092982 -0.000000
0.160155 -0.437899 -1.513244 1.000000
BoneName: 1173160320
BoneIndex: 53
ParentIndex: 52
ChildCount: 1
54
1.000000 0.000000 -0.000000 0.000000
0.000000 0.988852 -0.148901 0.000000
-0.000000 0.148901 0.988852 -0.000000
-0.000031 0.029850 -0.000000 1.000000
-0.061729 -0.920892 -0.384900 0.000000
-0.111098 -0.376899 0.919568 0.000000
-0.991890 0.099526 -0.079044 -0.000000
0.160186 -0.237211 -1.566023 1.000000
BoneName: 1173159936
BoneIndex: 54
ParentIndex: 53
ChildCount: 1
55
1.000000 0.000000 -0.000000 0.000000
0.000000 0.971331 0.237731 0.000000
-0.000000 -0.237731 0.971331 -0.000000
0.000121 0.025732 0.000000 1.000000
-0.061729 -0.985993 -0.154940 0.000000
-0.111098 -0.147484 0.982805 0.000000
-0.991890 0.077881 -0.100438 -0.000000
0.160065 -0.627697 -1.458617 1.000000
BoneName: 1173162144
BoneIndex: 55
ParentIndex: 54
ChildCount: 0
1.000000 0.000000 -0.000000 0.000000
0.000000 1.000000 -0.000000 0.000000
-0.000000 -0.000000 1.000000 -0.000000
-0.000089 0.019043 0.000000 1.000000
1.000000 0.000000 0.000000 0.000000
0.000000 1.000000 0.000000 0.000000
0.000000 0.000000 1.000000 0.000000
0.000000 0.000000 0.000000 1.000000
BoneName: 1173163008
BoneIndex: 56
ParentIndex: 1
ChildCount: 1
57
-1.000000 -0.000000 -0.000000 0.000000
0.000000 -0.999927 0.012085 0.000000
-0.000000 0.012085 0.999927 -0.000000
0.134003 -0.060396 0.007268 1.000000
-1.000000 -0.000000 0.000000 0.000000
0.000000 -0.999927 0.012085 0.000000
-0.000000 0.012085 0.999927 -0.000000
0.134003 0.891922 -0.012170 1.000000
BoneName: 1173160512
BoneIndex: 57
ParentIndex: 56
ChildCount: 1
58
0.999186 0.040341 -0.000000 0.000000
-0.040249 0.996909 0.067465 0.000000
0.002722 -0.067410 0.997722 -0.000000
0.000000 0.410648 0.000000 1.000000
-0.999186 0.040249 -0.002722 0.000000
-0.040338 -0.996021 0.079462 0.000000
0.000488 0.079507 0.996834 -0.000000
0.153309 0.473572 -0.044220 1.000000
BoneName: 1173162624
BoneIndex: 58
ParentIndex: 57
ChildCount: 1
59
0.998866 0.000000 -0.047606 0.000000
-0.039874 0.546295 -0.836643 0.000000
0.026007 0.837593 0.545676 -0.000000
-0.000000 0.366828 0.000000 1.000000
-0.997924 0.064107 0.006242 0.000000
-0.044075 -0.608995 -0.791949 0.000000
-0.046968 -0.790579 0.610556 -0.000000
0.155240 0.089197 0.069265 1.000000
BoneName: 1173162432
BoneIndex: 59
ParentIndex: 58
ChildCount: 1
60
0.999628 0.000000 -0.027287 0.000000
-0.016757 0.789235 -0.613862 0.000000
0.021536 0.614091 0.788941 -0.000000
-0.000000 0.178080 -0.000000 1.000000
-0.997722 0.063486 0.022801 0.000000
-0.022449 0.006246 -0.999729 0.000000
-0.063611 -0.997963 -0.004807 -0.000000
0.153292 -0.115270 0.003407 1.000000
BoneName: 1173161376
BoneIndex: 60
ParentIndex: 59
ChildCount: 0
1.000000 0.000000 -0.000000 0.000000
0.000000 1.000000 -0.000000 0.000000
-0.000000 -0.000000 1.000000 -0.000000
0.000000 0.072064 0.000000 1.000000
1.000000 0.000000 0.000000 0.000000
0.000000 1.000000 0.000000 0.000000
0.000000 0.000000 1.000000 0.000000
0.000000 0.000000 0.000000 1.000000
BoneName: 1306038528
BoneIndex: 61
ParentIndex: 1
ChildCount: 1
62
-1.000000 -0.000000 -0.000000 0.000000
0.000000 -0.999920 0.012655 0.000000
-0.000000 0.012655 0.999920 -0.000000
-0.134003 -0.060396 0.007971 1.000000
-1.000000 -0.000000 0.000000 0.000000
0.000000 -0.999920 0.012655 0.000000
0.000000 0.012655 0.999920 -0.000000
-0.134003 0.891905 -0.013383 1.000000
BoneName: 1306040736
BoneIndex: 62
ParentIndex: 61
ChildCount: 1
63
0.999186 -0.040342 -0.000000 0.000000
0.040263 0.997245 0.062297 0.000000
-0.002513 -0.062246 0.998058 -0.000000
0.000000 0.410650 0.000000 1.000000
-0.999186 -0.040263 0.002513 0.000000
0.040339 -0.996377 0.074872 0.000000
-0.000511 0.074912 0.997190 -0.000000
-0.153308 0.473700 -0.042976 1.000000
BoneName: 1306040352
BoneIndex: 63
ParentIndex: 62
ChildCount: 1
64
0.997669 0.030535 0.061020 0.000000
0.034299 0.548663 -0.835340 0.000000
-0.058987 0.835486 0.546337 -0.000000
0.000000 0.366697 0.000000 1.000000
-0.997933 -0.058461 0.026672 0.000000
0.014389 -0.607835 -0.793933 0.000000
0.062627 -0.791909 0.607420 -0.000000
-0.152306 0.089350 0.074963 1.000000
BoneName: 1306038624
BoneIndex: 64
ParentIndex: 63
ChildCount: 1
65
0.999649 0.000000 0.026479 0.000000
0.016223 0.790339 -0.612454 0.000000
-0.020927 0.612669 0.790062 -0.000000
0.000000 0.178488 0.000000 1.000000
-0.996877 -0.078729 0.006139 0.000000
-0.006639 0.006086 -0.999959 0.000000
0.078689 -0.996877 -0.006589 -0.000000
-0.150268 -0.118832 0.007801 1.000000
BoneName: 1306037472
BoneIndex: 65
ParentIndex: 64
ChildCount: 0
1.000000 0.000000 -0.000000 0.000000
0.000000 1.000000 -0.000000 0.000000
-0.000000 -0.000000 1.000000 -0.000000
0.000000 0.072675 -0.000000 1.000000
1.000000 0.000000 0.000000 0.000000
0.000000 1.000000 0.000000 0.000000
0.000000 0.000000 1.000000 0.000000
0.000000 0.000000 0.000000 1.000000
BoneName: 1175020088
BoneIndex: 66
ParentIndex: 0
ChildCount: 0
1.000000 0.000000 -0.000000 0.000000
0.000000 1.000000 -0.000000 0.000000
-0.000000 -0.000000 1.000000 -0.000000
0.000000 -0.013119 -0.000000 1.000000
1.000000 0.000000 0.000000 0.000000
0.000000 1.000000 0.000000 0.000000
0.000000 0.000000 1.000000 0.000000
0.000000 0.000000 0.000000 1.000000
